========== Start 10 runs of Cart Pole ==========
[2018-12-08 19:17:45.119258] Start training, runs id 1
1000 64 36.95572806897447 0.02947098224230992
2000 34 39.311207638964724 0.040438980224375545
3000 42 40.247184332643315 0.045482187261645234
4000 96 40.55518440477452 0.050160020352136785
5000 19 41.26336204165906 0.052344543265813025
6000 62 41.413671740439945 0.05544721736135863
7000 45 41.70348258647031 0.05781412996316102
8000 12 41.906317116720885 0.05825809896905282
9000 27 41.86446295451258 0.06026384187256396
10000 39 42.003760991798146 0.061132259127092685
11000 18 42.10762389513808 0.06216659534278886
12000 36 42.299117347794144 0.06325630872027041
13000 128 42.341182391905676 0.06476492127439579
14000 63 42.593727085150775 0.06533387093422689
15000 64 42.736809621866904 0.0663382107298344
16000 33 42.869832377168095 0.06776129653566805
17000 50 43.0161881144517 0.06936951302267791
18000 18 43.09246783538325 0.07081306511769932
19000 18 43.16183720350371 0.07078948450903394
20000 36 43.22546112871259 0.07176133104145745
[2018-12-08 19:18:15.585077] End of the traininig, runs id 1
1 200 200.0
2 200 200.0
3 200 200.0
4 200 200.0
5 200 200.0
6 200 200.0
7 200 200.0
8 200 200.0
9 200 200.0
10 200 200.0
11 200 200.0
12 200 200.0
13 200 200.0
14 190 190.0
15 200 200.0
16 200 200.0
17 200 200.0
18 200 200.0
19 135 135.0
20 200 200.0
[2018-12-08 19:18:15.661075] End of the Test, runs id 1
[200.0, 200.0, 200.0, 200.0, 200.0, 200.0, 200.0, 200.0, 200.0, 200.0, 200.0, 200.0, 200.0, 190.0, 200.0, 200.0, 200.0, 200.0, 135.0, 200.0]
Your Score: 196.25
[2018-12-08 19:18:15.675074] Start training, runs id 2
1000 40 42.19306746569386 0.03129730015805413
2000 101 41.7063652217262 0.03953109949107695
3000 59 41.7063652217262 0.04339563713638825
4000 24 41.42147754746355 0.048228287720118
5000 34 41.211527082026976 0.056583011660614205
6000 31 41.60898513314712 0.06217725169215537
7000 20 41.97556402256599 0.06759635390088244
8000 24 42.42640672427517 0.06927921561397234
9000 34 42.7604091175509 0.07061921247363578
10000 24 43.08680347197311 0.07247724719706992
11000 49 43.29641946050066 0.07497126223726763
12000 12 43.48652312595471 0.07645367243398137
13000 28 43.65605042887296 0.0779731822474646
14000 61 43.854059098034696 0.07930826757069741
15000 23 44.02294295510782 0.08120321107102851
16000 16 44.1411200553257 0.08200113198572555
17000 12 44.286918034573006 0.0829628616697685
18000 47 44.37944591640993 0.08377231003833016
19000 50 44.44718513861856 0.08486993133954916
20000 50 44.51818242415447 0.08520689120001902
[2018-12-08 19:18:48.232250] End of the traininig, runs id 2
1 200 200.0
2 200 200.0
3 200 200.0
4 200 200.0
5 200 200.0
6 200 200.0
7 200 200.0
8 200 200.0
9 200 200.0
10 200 200.0
11 200 200.0
12 200 200.0
13 200 200.0
14 200 200.0
15 200 200.0
16 200 200.0
17 200 200.0
18 200 200.0
19 200 200.0
20 200 200.0
[2018-12-08 19:18:48.330208] End of the Test, runs id 2
[200.0, 200.0, 200.0, 200.0, 200.0, 200.0, 200.0, 200.0, 200.0, 200.0, 200.0, 200.0, 200.0, 200.0, 200.0, 200.0, 200.0, 200.0, 200.0, 200.0]
Your Score: 200.0
[2018-12-08 19:18:48.337209] Start training, runs id 3
1000 98 38.082993810201195 0.02735420175470458
2000 87 39.25120167026779 0.03783939065929049
3000 48 41.47003509496549 0.04314303422627404
4000 91 41.47003509496549 0.04498883530348215
5000 14 39.92972314400279 0.04661734410683379
6000 42 39.98949074147859 0.05030968344915674
7000 23 40.3545183026772 0.054063678739697335
8000 14 40.620775709753524 0.0578900288794046
9000 21 40.98346594675581 0.06015434207294231
10000 36 41.338005228234664 0.0623406456834024
11000 27 41.45745070207398 0.06378790472846237
12000 19 41.6624800561365 0.06505696805116078
13000 29 41.8346814932696 0.06629780913759346
14000 94 42.039098384225426 0.06692696667187978
15000 37 42.165467041286426 0.06835413675571878
16000 55 42.30702179701058 0.06944062532467624
17000 29 42.528518760348724 0.07035067505818436
18000 13 42.62964372413559 0.07036054119488759
19000 44 42.71002926235196 0.07050654866285185
20000 17 42.846918413300045 0.07177191201567992
[2018-12-08 19:19:18.720304] End of the traininig, runs id 3
1 200 200.0
2 200 200.0
3 200 200.0
4 200 200.0
5 200 200.0
6 200 200.0
7 200 200.0
8 200 200.0
9 200 200.0
10 200 200.0
11 200 200.0
12 200 200.0
13 200 200.0
14 200 200.0
15 200 200.0
16 200 200.0
17 181 181.0
18 200 200.0
19 200 200.0
20 200 200.0
[2018-12-08 19:19:18.803265] End of the Test, runs id 3
[200.0, 200.0, 200.0, 200.0, 200.0, 200.0, 200.0, 200.0, 200.0, 200.0, 200.0, 200.0, 200.0, 200.0, 200.0, 200.0, 181.0, 200.0, 200.0, 200.0]
Your Score: 199.05
[2018-12-08 19:19:18.815267] Start training, runs id 4
1000 143 38.59242208989008 0.026468204401621925
2000 32 41.37752383041176 0.03684294479294104
3000 75 41.45162569795556 0.04081025005466687
4000 200 41.444235173882234 0.04507394946049601
5000 43 41.772647683854025 0.05008195400697629
6000 45 41.9603033969607 0.052326845739370506
7000 16 42.22346398281267 0.056240898575266714
8000 9 42.09998230812349 0.05986082047481166
9000 53 42.138716954185654 0.06164331490620957
10000 69 42.250514369556285 0.0640421356816471
11000 18 42.371493945843085 0.06479470943819078
12000 42 42.50802575245602 0.06647917980476908
13000 50 42.577669455392076 0.06774815881189612
14000 112 42.79792847915578 0.06853553755808629
15000 58 42.94388970833374 0.07019827366543774
16000 19 43.01216636913729 0.07089992677393094
17000 74 43.11751737689078 0.07254274574375812
18000 43 43.133750389370505 0.07211423054021981
19000 35 43.2405779153024 0.07221312514437633
20000 31 43.233715072184665 0.07302765170320791
[2018-12-08 19:19:50.410399] End of the traininig, runs id 4
1 48 48.0
2 200 200.0
3 200 200.0
4 200 200.0
5 200 200.0
6 200 200.0
7 200 200.0
8 200 200.0
9 200 200.0
10 200 200.0
11 200 200.0
12 200 200.0
13 200 200.0
14 200 200.0
15 200 200.0
16 200 200.0
17 200 200.0
18 200 200.0
19 200 200.0
20 200 200.0
[2018-12-08 19:19:50.537383] End of the Test, runs id 4
[48.0, 200.0, 200.0, 200.0, 200.0, 200.0, 200.0, 200.0, 200.0, 200.0, 200.0, 200.0, 200.0, 200.0, 200.0, 200.0, 200.0, 200.0, 200.0, 200.0]
Your Score: 192.4
[2018-12-08 19:19:50.546399] Start training, runs id 5
1000 49 37.652847084455885 0.027915238312732897
2000 10 39.711177691367354 0.0399204374989298
3000 143 39.921284705229816 0.04844182023683475
4000 33 40.45006256543725 0.054565448872024254
5000 74 40.921147807641276 0.05956323358469128
6000 61 41.36055806098129 0.062526735074792
7000 35 41.705347882359256 0.06575037831524336
8000 23 41.93916111940374 0.06656592970457698
9000 24 42.065956872229805 0.06969097494938965
10000 36 42.17969860876825 0.07023265717396708
11000 33 42.273942153204025 0.0721383270267798
12000 39 42.45848340794824 0.07323640389479709
13000 10 42.5677938288745 0.075056426331805
14000 53 42.75336880619428 0.07601962574056942
15000 32 42.8352760077387 0.07690673937828633
16000 30 42.9008993745448 0.07819138641001971
17000 19 43.00215863696485 0.07848902267294924
18000 13 43.06390407985253 0.07938726357855969
19000 26 43.21442211086588 0.08035300828571139
20000 65 43.33151747559259 0.08104850934293527
[2018-12-08 19:20:20.539892] End of the traininig, runs id 5
1 200 200.0
2 200 200.0
3 200 200.0
4 200 200.0
5 200 200.0
6 200 200.0
7 200 200.0
8 94 94.0
9 200 200.0
10 200 200.0
11 200 200.0
12 190 190.0
13 200 200.0
14 200 200.0
15 200 200.0
16 200 200.0
17 200 200.0
18 200 200.0
19 200 200.0
20 200 200.0
[2018-12-08 19:20:20.597867] End of the Test, runs id 5
[200.0, 200.0, 200.0, 200.0, 200.0, 200.0, 200.0, 94.0, 200.0, 200.0, 200.0, 190.0, 200.0, 200.0, 200.0, 200.0, 200.0, 200.0, 200.0, 200.0]
Your Score: 194.2
[2018-12-08 19:20:20.604856] Start training, runs id 6
1000 109 39.352751341069336 0.03015824444746721
2000 73 40.92176597691839 0.03924122730530363
3000 52 41.29865657565016 0.04490453584345953
4000 102 41.56206807717318 0.04866219975742177
5000 39 41.81978788706646 0.05467345194001265
6000 27 42.186468693535005 0.05829893009603255
7000 77 42.44893101070092 0.059802487283775
8000 20 42.62810640747788 0.06318250972952401
9000 14 42.78577184501399 0.0664313656276347
10000 49 42.97611787954697 0.06769001094209665
11000 29 43.11113445220205 0.07127934458676001
12000 43 43.37561888307039 0.07257581418619116
13000 75 43.51696393477664 0.07480759878843607
14000 46 43.67051062759854 0.07628258761106017
15000 26 43.782870156231326 0.07754691547821592
16000 24 43.90873099585859 0.07820534073365995
17000 27 44.04361446869559 0.07818875497995614
18000 40 44.119778644363436 0.078964438375425
19000 20 44.21992679960547 0.08040450450378744
20000 21 44.29378809588701 0.0810662995903353
[2018-12-08 19:20:48.399972] End of the traininig, runs id 6
1 200 200.0
2 200 200.0
3 200 200.0
4 200 200.0
5 200 200.0
6 200 200.0
7 200 200.0
8 200 200.0
9 200 200.0
10 200 200.0
11 200 200.0
12 200 200.0
13 200 200.0
14 200 200.0
15 200 200.0
16 200 200.0
17 200 200.0
18 200 200.0
19 200 200.0
20 200 200.0
[2018-12-08 19:20:48.502937] End of the Test, runs id 6
[200.0, 200.0, 200.0, 200.0, 200.0, 200.0, 200.0, 200.0, 200.0, 200.0, 200.0, 200.0, 200.0, 200.0, 200.0, 200.0, 200.0, 200.0, 200.0, 200.0]
Your Score: 200.0
[2018-12-08 19:20:48.512933] Start training, runs id 7
1000 95 34.13585461864115 0.023373697895907635
2000 76 39.05474061820569 0.039672200244438745
3000 50 40.83597423589886 0.04700026165248411
4000 64 41.48598569211765 0.05036849351233486
5000 44 41.68604001076309 0.05244965434064995
6000 33 41.82885793531627 0.05567035854181612
7000 32 41.67245229828695 0.05727026834037105
8000 39 42.13182935288698 0.059531293227226646
9000 41 42.38435212323177 0.061799627052347116
10000 41 42.57663945351056 0.06315581864114335
11000 22 42.71608708365254 0.06485766471338596
12000 30 42.96655559309206 0.0658678598987173
13000 17 43.00058212937483 0.06645939592929688
14000 100 43.15310301868739 0.06706382160523859
15000 15 43.24726584234081 0.06794152666544795
16000 34 43.240965820745345 0.07025594744752058
17000 38 43.34621407149572 0.0710427748824749
18000 28 43.360412543083896 0.07314295475118043
19000 15 43.365450210021926 0.07490946116465813
20000 51 43.38034981671059 0.0758814320997538
[2018-12-08 19:21:15.895039] End of the traininig, runs id 7
1 200 200.0
2 200 200.0
3 200 200.0
4 200 200.0
5 200 200.0
6 200 200.0
7 200 200.0
8 200 200.0
9 200 200.0
10 200 200.0
11 200 200.0
12 200 200.0
13 200 200.0
14 200 200.0
15 200 200.0
16 200 200.0
17 200 200.0
18 200 200.0
19 200 200.0
20 200 200.0
[2018-12-08 19:21:15.972070] End of the Test, runs id 7
[200.0, 200.0, 200.0, 200.0, 200.0, 200.0, 200.0, 200.0, 200.0, 200.0, 200.0, 200.0, 200.0, 200.0, 200.0, 200.0, 200.0, 200.0, 200.0, 200.0]
Your Score: 200.0
[2018-12-08 19:21:15.983064] Start training, runs id 8
1000 107 41.26953414795659 0.029079423522092293
2000 39 42.02231332263734 0.03885898037378449
3000 33 42.12737212654787 0.045570495056299884
4000 36 42.57249933302082 0.0489492296586593
5000 24 42.48059186344474 0.05152463790247234
6000 31 42.43089605869961 0.05349831719007508
7000 11 42.60896650381208 0.05603954394299998
8000 66 42.68133557340077 0.05738632621533098
9000 52 42.77955475217769 0.05793268367599974
10000 35 42.78061582037677 0.05895649954052758
11000 9 42.86895245986939 0.060604586812741536
12000 18 42.80624770612393 0.06300300003714353
13000 17 42.94105868970886 0.06379143516401392
14000 32 42.98515158176137 0.0631746379764913
15000 43 43.01915104253091 0.06421993777164012
16000 56 42.98428661333009 0.06468206961761896
17000 49 43.007378891230374 0.06542164170954179
18000 19 43.02569175779446 0.06541385748690517
19000 31 43.04259141692999 0.06646947206073921
20000 26 43.07413689301927 0.06764615885403262
[2018-12-08 19:21:47.110113] End of the traininig, runs id 8
1 200 200.0
2 200 200.0
3 200 200.0
4 200 200.0
5 200 200.0
6 200 200.0
7 200 200.0
8 200 200.0
9 200 200.0
10 200 200.0
11 200 200.0
12 200 200.0
13 53 53.0
14 200 200.0
15 200 200.0
16 200 200.0
17 200 200.0
18 200 200.0
19 39 39.0
20 200 200.0
[2018-12-08 19:21:47.230262] End of the Test, runs id 8
[200.0, 200.0, 200.0, 200.0, 200.0, 200.0, 200.0, 200.0, 200.0, 200.0, 200.0, 200.0, 53.0, 200.0, 200.0, 200.0, 200.0, 200.0, 39.0, 200.0]
Your Score: 184.6
[2018-12-08 19:21:47.243283] Start training, runs id 9
1000 44 38.42662602093585 0.02474034807892978
2000 49 39.9459808477977 0.03862972889956314
3000 94 40.6914603864347 0.04817248716390027
4000 64 41.47345872073193 0.052672081508164284
5000 24 41.680987861114474 0.055252819298430816
6000 31 41.774796667650186 0.06023470731719741
7000 54 42.0922710958879 0.06334529088291914
8000 60 42.456952877338615 0.06428606585658282
9000 40 42.650029036375344 0.06508094101882228
10000 29 42.817880372872295 0.06721276738663876
11000 34 42.905831763957636 0.06800866143222964
12000 18 43.001065549955705 0.06933456586163768
13000 49 43.10151896861846 0.07038907692046906
14000 39 43.17506894847866 0.07176933380016123
15000 14 43.27229141988375 0.07359990647048326
16000 62 43.369262900303006 0.07397863169573111
17000 15 43.46123298487169 0.07390789350816959
18000 19 43.496434682799155 0.07429159348111379
19000 49 43.55676290201232 0.07479639438659826
20000 29 43.705126103121614 0.0756983673972332
[2018-12-08 19:22:15.974421] End of the traininig, runs id 9
1 200 200.0
2 200 200.0
3 200 200.0
4 200 200.0
5 200 200.0
6 200 200.0
7 200 200.0
8 200 200.0
9 200 200.0
10 200 200.0
11 200 200.0
12 200 200.0
13 112 112.0
14 200 200.0
15 200 200.0
16 200 200.0
17 200 200.0
18 27 27.0
19 200 200.0
20 200 200.0
[2018-12-08 19:22:16.044419] End of the Test, runs id 9
[200.0, 200.0, 200.0, 200.0, 200.0, 200.0, 200.0, 200.0, 200.0, 200.0, 200.0, 200.0, 112.0, 200.0, 200.0, 200.0, 200.0, 27.0, 200.0, 200.0]
Your Score: 186.95
[2018-12-08 19:22:16.051419] Start training, runs id 10
1000 83 37.721763219778744 0.024211320635547623
2000 50 39.27551746027025 0.040255299880173304
3000 51 40.283134527150025 0.045823531154201076
4000 109 40.6647149784007 0.05199446982045871
5000 61 41.29218274429202 0.05544874115089982
6000 31 41.5110883525391 0.060353836190555274
7000 47 41.82728133523041 0.06302120167497473
8000 39 42.104748618235 0.0661873490231004
9000 27 42.443329494302 0.06913272835675362
10000 68 42.60139059625299 0.07204225870249578
11000 70 42.835355774949015 0.07399764015822131
12000 49 42.96607121383972 0.07519424317330543
13000 48 43.0334373572246 0.07634486860109706
14000 58 43.11608367440094 0.07853342388274495
15000 22 43.26296927422832 0.08017831372056791
16000 59 43.370035219611545 0.08083453676233299
17000 15 43.44604483122402 0.08223826126458272
18000 46 43.49567124393339 0.08224189272099126
19000 26 43.55657332979111 0.08272693845556071
20000 76 43.55088304893672 0.08336935915553179
[2018-12-08 19:22:43.589968] End of the traininig, runs id 10
1 200 200.0
2 200 200.0
3 200 200.0
4 200 200.0
5 200 200.0
6 200 200.0
7 200 200.0
8 200 200.0
9 200 200.0
10 200 200.0
11 200 200.0
12 200 200.0
13 200 200.0
14 144 144.0
15 200 200.0
16 200 200.0
17 200 200.0
18 200 200.0
19 200 200.0
20 200 200.0
[2018-12-08 19:22:43.670926] End of the Test, runs id 10
[200.0, 200.0, 200.0, 200.0, 200.0, 200.0, 200.0, 200.0, 200.0, 200.0, 200.0, 200.0, 200.0, 144.0, 200.0, 200.0, 200.0, 200.0, 200.0, 200.0]
Your Score: 197.2
All runs complete
The scores are: [196.25, 200.0, 199.05, 192.4, 194.2, 200.0, 200.0, 184.6, 186.95, 197.2]
All runs complete 195.065000